# 3ds Max Wavefront OBJ Exporter v0.97b - (c)2007 guruware
# File Created: 11.12.2018 21:16:31

mtllib torre.mtl

#
# object Box018
#

v  -41.3365 41.0957 39.2792
v  40.4701 41.0957 41.8520
v  40.4318 41.2023 43.0700
v  -41.3748 41.2023 40.4972
v  -41.3274 44.4077 38.9896
v  -41.3657 44.5143 40.2076
v  40.4409 44.5143 42.7804
v  40.4792 44.4077 41.5624
# 8 vertices

vn -0.0027 -0.9962 0.0871
vn 0.0027 0.9962 -0.0871
vn -0.9995 -0.0000 -0.0314
vn -0.0313 0.0872 0.9957
vn 0.9995 0.0000 0.0314
vn 0.0313 -0.0872 -0.9957
# 6 vertex normals

vt 1.0000 0.0000 0.0000
vt 1.0000 1.0000 0.0000
vt 0.0000 1.0000 0.0000
vt 0.0000 0.0000 0.0000
# 4 texture coords

g Box018
usemtl 02___Default
s 2
f 1/1/1 2/2/1 3/3/1 4/4/1 
s 4
f 5/4/2 6/1/2 7/2/2 8/3/2 
s 8
f 1/4/3 4/1/3 6/2/3 5/3/3 
s 16
f 4/4/4 3/1/4 7/2/4 6/3/4 
s 32
f 3/4/5 2/1/5 8/2/5 7/3/5 
s 64
f 2/4/6 1/1/6 5/2/6 8/3/6 
# 6 polygons

#
# object Box019
#

v  -35.7369 86.6728 35.1634
v  35.1402 86.6728 37.3925
v  35.1019 86.7794 38.6105
v  -35.7752 86.7794 36.3814
v  -35.7278 89.9848 34.8738
v  -35.7661 90.0914 36.0918
v  35.1110 90.0914 38.3208
v  35.1493 89.9848 37.1028
# 8 vertices

vn -0.0027 -0.9962 0.0871
vn 0.0027 0.9962 -0.0871
vn -0.9995 -0.0000 -0.0314
vn -0.0313 0.0872 0.9957
vn 0.9995 0.0000 0.0314
vn 0.0313 -0.0872 -0.9957
# 6 vertex normals

vt 1.0000 0.0000 0.0000
vt 1.0000 1.0000 0.0000
vt 0.0000 1.0000 0.0000
vt 0.0000 0.0000 0.0000
# 4 texture coords

g Box019
usemtl 02___Default
s 2
f 9/5/7 10/6/7 11/7/7 12/8/7 
s 4
f 13/8/8 14/5/8 15/6/8 16/7/8 
s 8
f 9/8/9 12/5/9 14/6/9 13/7/9 
s 16
f 12/8/10 11/5/10 15/6/10 14/7/10 
s 32
f 11/8/11 10/5/11 16/6/11 15/7/11 
s 64
f 10/8/12 9/5/12 13/6/12 16/7/12 
# 6 polygons

#
# object Box020
#

v  -32.5946 137.6086 30.7705
v  32.2801 137.6086 32.8108
v  32.2418 137.7152 34.0288
v  -32.6329 137.7152 31.9885
v  -32.5855 140.9207 30.4809
v  -32.6238 141.0273 31.6989
v  32.2510 141.0273 33.7392
v  32.2893 140.9207 32.5212
# 8 vertices

vn -0.0027 -0.9962 0.0871
vn 0.0027 0.9962 -0.0871
vn -0.9995 -0.0000 -0.0314
vn -0.0313 0.0872 0.9957
vn 0.9995 0.0000 0.0314
vn 0.0313 -0.0872 -0.9957
# 6 vertex normals

vt 1.0000 0.0000 0.0000
vt 1.0000 1.0000 0.0000
vt 0.0000 1.0000 0.0000
vt 0.0000 0.0000 0.0000
# 4 texture coords

g Box020
usemtl 02___Default
s 2
f 17/9/13 18/10/13 19/11/13 20/12/13 
s 4
f 21/12/14 22/9/14 23/10/14 24/11/14 
s 8
f 17/12/15 20/9/15 22/10/15 21/11/15 
s 16
f 20/12/16 19/9/16 23/10/16 22/11/16 
s 32
f 19/12/17 18/9/17 24/10/17 23/11/17 
s 64
f 18/12/18 17/9/18 21/10/18 24/11/18 
# 6 polygons

#
# object Box021
#

v  -29.7148 173.7164 27.7304
v  29.5970 173.7164 29.5957
v  29.5587 173.8230 30.8137
v  -29.7531 173.8230 28.9484
v  -29.7056 177.0284 27.4408
v  -29.7439 177.1350 28.6588
v  29.5678 177.1350 30.5241
v  29.6061 177.0284 29.3061
# 8 vertices

vn -0.0027 -0.9962 0.0871
vn 0.0027 0.9962 -0.0871
vn -0.9995 -0.0000 -0.0314
vn -0.0313 0.0872 0.9957
vn 0.9995 0.0000 0.0314
vn 0.0313 -0.0872 -0.9957
# 6 vertex normals

vt 1.0000 0.0000 0.0000
vt 1.0000 1.0000 0.0000
vt 0.0000 1.0000 0.0000
vt 0.0000 0.0000 0.0000
# 4 texture coords

g Box021
usemtl 02___Default
s 2
f 25/13/19 26/14/19 27/15/19 28/16/19 
s 4
f 29/16/20 30/13/20 31/14/20 32/15/20 
s 8
f 25/16/21 28/13/21 30/14/21 29/15/21 
s 16
f 28/16/22 27/13/22 31/14/22 30/15/22 
s 32
f 27/16/23 26/13/23 32/14/23 31/15/23 
s 64
f 26/16/24 25/13/24 29/14/24 32/15/24 
# 6 polygons

#
# object Box022
#

v  -26.9761 199.0587 25.6930
v  26.9917 199.0588 27.3903
v  26.9535 199.1654 28.6083
v  -27.0144 199.1654 26.9110
v  -26.9670 202.3708 25.4034
v  -27.0053 202.4774 26.6214
v  26.9626 202.4774 28.3187
v  27.0009 202.3708 27.1007
# 8 vertices

vn -0.0027 -0.9962 0.0871
vn 0.0027 0.9962 -0.0871
vn -0.9995 -0.0000 -0.0314
vn -0.0313 0.0872 0.9957
vn 0.9995 0.0000 0.0314
vn 0.0313 -0.0872 -0.9957
# 6 vertex normals

vt 1.0000 0.0000 0.0000
vt 1.0000 1.0000 0.0000
vt 0.0000 1.0000 0.0000
vt 0.0000 0.0000 0.0000
# 4 texture coords

g Box022
usemtl 02___Default
s 2
f 33/17/25 34/18/25 35/19/25 36/20/25 
s 4
f 37/20/26 38/17/26 39/18/26 40/19/26 
s 8
f 33/20/27 36/17/27 38/18/27 37/19/27 
s 16
f 36/20/28 35/17/28 39/18/28 38/19/28 
s 32
f 35/20/29 34/17/29 40/18/29 39/19/29 
s 64
f 34/20/30 33/17/30 37/18/30 40/19/30 
# 6 polygons

#
# object Box023
#

v  -34.4691 84.8743 35.6026
v  36.2104 43.9508 40.9495
v  36.1716 44.0431 42.1687
v  -34.5079 84.9666 36.8217
v  -32.7960 87.7426 35.4385
v  -32.8347 87.8349 36.6577
v  37.8448 46.9114 42.0047
v  37.8835 46.8191 40.7855
# 8 vertices

vn -0.5033 -0.8627 0.0493
vn 0.5033 0.8627 -0.0493
vn -0.8636 0.5000 -0.0653
vn -0.0317 0.0755 0.9966
vn 0.8636 -0.5000 0.0653
vn 0.0317 -0.0755 -0.9966
# 6 vertex normals

vt 1.0000 0.0000 0.0000
vt 1.0000 1.0000 0.0000
vt 0.0000 1.0000 0.0000
vt 0.0000 0.0000 0.0000
# 4 texture coords

g Box023
usemtl 02___Default
s 2
f 41/21/31 42/22/31 43/23/31 44/24/31 
s 4
f 45/24/32 46/21/32 47/22/32 48/23/32 
s 8
f 41/24/33 44/21/33 46/22/33 45/23/33 
s 16
f 44/24/34 43/21/34 47/22/34 46/23/34 
s 32
f 43/24/35 42/21/35 48/22/35 47/23/35 
s 64
f 42/24/36 41/21/36 45/22/36 48/23/36 
# 6 polygons

#
# object Box024
#

v  -33.0947 87.6078 35.2993
v  30.7889 138.7094 32.7572
v  30.8034 138.7520 33.9796
v  -33.0802 87.6504 36.5217
v  -35.1727 90.2023 35.2336
v  -35.1581 90.2449 36.4560
v  28.7254 141.3465 33.9138
v  28.7109 141.3039 32.6914
# 8 vertices

vn 0.6250 -0.7804 0.0198
vn -0.6250 0.7804 -0.0198
vn -0.7805 -0.6244 0.0311
vn 0.0119 0.0348 0.9993
vn 0.7805 0.6244 -0.0311
vn -0.0119 -0.0348 -0.9993
# 6 vertex normals

vt 1.0000 0.0000 0.0000
vt 1.0000 1.0000 0.0000
vt 0.0000 1.0000 0.0000
vt 0.0000 0.0000 0.0000
# 4 texture coords

g Box024
usemtl 02___Default
s 2
f 49/25/37 50/26/37 51/27/37 52/28/37 
s 4
f 53/28/38 54/25/38 55/26/38 56/27/38 
s 8
f 49/28/39 52/25/39 54/26/39 53/27/39 
s 16
f 52/28/40 51/25/40 55/26/40 54/27/40 
s 32
f 51/28/41 50/25/41 56/26/41 55/27/41 
s 64
f 50/28/42 49/25/42 53/26/42 56/27/42 
# 6 polygons

#
# object Box025
#

v  -27.5141 173.7580 27.5833
v  27.3277 139.3004 31.8192
v  27.2927 139.3946 33.0383
v  -27.5491 173.8522 28.8024
v  -25.7384 176.5639 27.4174
v  -25.7733 176.6581 28.6365
v  29.0685 142.2005 32.8724
v  29.1035 142.1063 31.6533
# 8 vertices

vn -0.5341 -0.8439 0.0499
vn 0.5341 0.8439 -0.0499
vn -0.8449 0.5309 -0.0653
vn -0.0286 0.0770 0.9966
vn 0.8449 -0.5309 0.0653
vn 0.0286 -0.0770 -0.9966
# 6 vertex normals

vt 1.0000 0.0000 0.0000
vt 1.0000 1.0000 0.0000
vt 0.0000 1.0000 0.0000
vt 0.0000 0.0000 0.0000
# 4 texture coords

g Box025
usemtl 02___Default
s 2
f 57/29/43 58/30/43 59/31/43 60/32/43 
s 4
f 61/32/44 62/29/44 63/30/44 64/31/44 
s 8
f 57/32/45 60/29/45 62/30/45 61/31/45 
s 16
f 60/32/46 59/29/46 63/30/46 62/31/46 
s 32
f 59/32/47 58/29/47 64/30/47 63/31/47 
s 64
f 58/32/48 57/29/48 61/30/48 64/31/48 
# 6 polygons

#
# object Box026
#

v  -27.0780 174.7499 27.1962
v  27.0554 199.0567 27.5419
v  27.0033 199.1554 28.7600
v  -27.1301 174.8485 28.4144
v  -28.4326 177.7710 26.8937
v  -28.4847 177.8696 28.1118
v  25.6487 202.1765 28.4575
v  25.7008 202.0779 27.2393
# 8 vertices

vn 0.4074 -0.9087 0.0910
vn -0.4074 0.9087 -0.0910
vn -0.9122 -0.4096 -0.0058
vn -0.0426 0.0806 0.9958
vn 0.9122 0.4096 0.0058
vn 0.0426 -0.0806 -0.9958
# 6 vertex normals

vt 1.0000 0.0000 0.0000
vt 1.0000 1.0000 0.0000
vt 0.0000 1.0000 0.0000
vt 0.0000 0.0000 0.0000
# 4 texture coords

g Box026
usemtl 02___Default
s 2
f 65/33/49 66/34/49 67/35/49 68/36/49 
s 4
f 69/36/50 70/33/50 71/34/50 72/35/50 
s 8
f 65/36/51 68/33/51 70/34/51 69/35/51 
s 16
f 68/36/52 67/33/52 71/34/52 70/35/52 
s 32
f 67/36/53 66/33/53 72/34/53 71/35/53 
s 64
f 66/36/54 65/33/54 69/34/54 72/35/54 
# 6 polygons

#
# object Box036
#

v  40.8073 41.0957 -41.4110
v  -41.0202 41.0957 -39.6206
v  -41.0469 41.2023 -40.8389
v  40.7806 41.2023 -42.6293
v  40.8136 44.4077 -41.1213
v  40.7869 44.5143 -42.3396
v  -41.0405 44.5143 -40.5492
v  -41.0139 44.4077 -39.3310
# 8 vertices

vn -0.0019 -0.9962 -0.0871
vn 0.0019 0.9962 0.0871
vn 0.9998 0.0000 -0.0219
vn -0.0218 0.0872 -0.9960
vn -0.9998 0.0000 0.0219
vn 0.0218 -0.0872 0.9960
# 6 vertex normals

vt 1.0000 0.0000 0.0000
vt 1.0000 1.0000 0.0000
vt 0.0000 1.0000 0.0000
vt 0.0000 0.0000 0.0000
# 4 texture coords

g Box036
usemtl 02___Default
s 2
f 73/37/55 74/38/55 75/39/55 76/40/55 
s 4
f 77/40/56 78/37/56 79/38/56 80/39/56 
s 8
f 73/40/57 76/37/57 78/38/57 77/39/57 
s 16
f 76/40/58 75/37/58 79/38/58 78/39/58 
s 32
f 75/40/59 74/37/59 80/38/59 79/39/59 
s 64
f 74/40/60 73/37/60 77/38/60 80/39/60 
# 6 polygons

#
# object Box037
#

v  35.4350 86.6728 -37.0026
v  -35.4602 86.6728 -35.4515
v  -35.4869 86.7794 -36.6698
v  35.4083 86.7794 -38.2209
v  35.4413 89.9848 -36.7129
v  35.4146 90.0914 -37.9312
v  -35.4806 90.0914 -36.3801
v  -35.4539 89.9848 -35.1618
# 8 vertices

vn -0.0019 -0.9962 -0.0871
vn 0.0019 0.9962 0.0871
vn 0.9998 0.0000 -0.0219
vn -0.0218 0.0872 -0.9960
vn -0.9998 -0.0000 0.0219
vn 0.0218 -0.0872 0.9960
# 6 vertex normals

vt 1.0000 0.0000 0.0000
vt 1.0000 1.0000 0.0000
vt 0.0000 1.0000 0.0000
vt 0.0000 0.0000 0.0000
# 4 texture coords

g Box037
usemtl 02___Default
s 2
f 81/41/61 82/42/61 83/43/61 84/44/61 
s 4
f 85/44/62 86/41/62 87/42/62 88/43/62 
s 8
f 81/44/63 84/41/63 86/42/63 85/43/63 
s 16
f 84/44/64 83/41/64 87/42/64 86/43/64 
s 32
f 83/44/65 82/41/65 88/42/65 87/43/65 
s 64
f 82/44/66 81/41/66 85/42/66 88/43/66 
# 6 polygons

#
# object Box038
#

v  32.5313 137.6086 -32.4485
v  -32.3601 137.6086 -31.0287
v  -32.3867 137.7152 -32.2470
v  32.5046 137.7152 -33.6668
v  32.5376 140.9207 -32.1588
v  32.5109 141.0273 -33.3771
v  -32.3804 141.0273 -31.9573
v  -32.3537 140.9207 -30.7390
# 8 vertices

vn -0.0019 -0.9962 -0.0871
vn 0.0019 0.9962 0.0871
vn 0.9998 0.0000 -0.0219
vn -0.0218 0.0872 -0.9960
vn -0.9998 -0.0000 0.0219
vn 0.0218 -0.0872 0.9960
# 6 vertex normals

vt 1.0000 0.0000 0.0000
vt 1.0000 1.0000 0.0000
vt 0.0000 1.0000 0.0000
vt 0.0000 0.0000 0.0000
# 4 texture coords

g Box038
usemtl 02___Default
s 2
f 89/45/67 90/46/67 91/47/67 92/48/67 
s 4
f 93/48/68 94/45/68 95/46/68 96/47/68 
s 8
f 89/48/69 92/45/69 94/46/69 93/47/69 
s 16
f 92/48/70 91/45/70 95/46/70 94/47/70 
s 32
f 91/48/71 90/45/71 96/46/71 95/47/71 
s 64
f 90/48/72 89/45/72 93/46/72 96/47/72 
# 6 polygons

#
# object Box039
#

v  29.8175 173.7164 -29.2593
v  -29.5094 173.7163 -27.9612
v  -29.5360 173.8230 -29.1795
v  29.7909 173.8230 -30.4775
v  29.8239 177.0284 -28.9696
v  29.7972 177.1350 -30.1878
v  -29.5297 177.1350 -28.8898
v  -29.5031 177.0284 -27.6715
# 8 vertices

vn -0.0019 -0.9962 -0.0871
vn 0.0019 0.9962 0.0871
vn 0.9998 0.0000 -0.0219
vn -0.0218 0.0872 -0.9960
vn -0.9998 -0.0000 0.0219
vn 0.0218 -0.0872 0.9960
# 6 vertex normals

vt 1.0000 0.0000 0.0000
vt 1.0000 1.0000 0.0000
vt 0.0000 1.0000 0.0000
vt 0.0000 0.0000 0.0000
# 4 texture coords

g Box039
usemtl 02___Default
s 2
f 97/49/73 98/50/73 99/51/73 100/52/73 
s 4
f 101/52/74 102/49/74 103/50/74 104/51/74 
s 8
f 97/52/75 100/49/75 102/50/75 101/51/75 
s 16
f 100/52/76 99/49/76 103/50/76 102/51/76 
s 32
f 99/52/77 98/49/77 104/50/77 103/51/77 
s 64
f 98/52/78 97/49/78 101/50/78 104/51/78 
# 6 polygons

#
# object Box040
#

v  27.1913 199.0588 -27.0788
v  -26.7903 199.0588 -25.8977
v  -26.8169 199.1654 -27.1160
v  27.1647 199.1654 -28.2971
v  27.1977 202.3708 -26.7891
v  27.1710 202.4774 -28.0074
v  -26.8106 202.4774 -26.8263
v  -26.7839 202.3708 -25.6080
# 8 vertices

vn -0.0019 -0.9962 -0.0871
vn 0.0019 0.9962 0.0871
vn 0.9998 0.0000 -0.0219
vn -0.0218 0.0872 -0.9960
vn -0.9998 -0.0000 0.0219
vn 0.0218 -0.0872 0.9960
# 6 vertex normals

vt 1.0000 0.0000 0.0000
vt 1.0000 1.0000 0.0000
vt 0.0000 1.0000 0.0000
vt 0.0000 0.0000 0.0000
# 4 texture coords

g Box040
usemtl 02___Default
s 2
f 105/53/79 106/54/79 107/55/79 108/56/79 
s 4
f 109/56/80 110/53/80 111/54/80 112/55/80 
s 8
f 105/56/81 108/53/81 110/54/81 109/55/81 
s 16
f 108/56/82 107/53/82 111/54/82 110/55/82 
s 32
f 107/56/83 106/53/83 112/54/83 111/55/83 
s 64
f 106/56/84 105/53/84 109/54/84 112/55/84 
# 6 polygons

#
# object Box041
#

v  34.1456 84.8743 -37.3736
v  -36.7185 43.9508 -38.9465
v  -36.7447 44.0431 -40.1659
v  34.1193 84.9666 -38.5930
v  32.4835 87.7426 -37.1206
v  32.4573 87.8349 -38.3401
v  -38.4068 46.9114 -39.9130
v  -38.3805 46.8191 -38.6935
# 8 vertices

vn 0.4999 -0.8627 -0.0761
vn -0.4999 0.8627 0.0761
vn 0.8658 0.5000 0.0192
vn -0.0215 0.0755 -0.9969
vn -0.8658 -0.5000 -0.0192
vn 0.0215 -0.0755 0.9969
# 6 vertex normals

vt 1.0000 0.0000 0.0000
vt 1.0000 1.0000 0.0000
vt 0.0000 1.0000 0.0000
vt 0.0000 0.0000 0.0000
# 4 texture coords

g Box041
usemtl 02___Default
s 2
f 113/57/85 114/58/85 115/59/85 116/60/85 
s 4
f 117/60/86 118/57/86 119/58/86 120/59/86 
s 8
f 113/60/87 116/57/87 118/58/87 117/59/87 
s 16
f 116/60/88 115/57/88 119/58/88 118/59/88 
s 32
f 115/60/89 114/57/89 120/58/89 119/59/89 
s 64
f 114/60/90 113/57/90 117/58/90 120/59/90 
# 6 polygons

#
# object Box042
#

v  32.7893 87.6078 -36.9975
v  -30.8680 138.7094 -31.0546
v  -30.9477 138.7520 -32.2745
v  32.7096 87.6504 -38.2174
v  34.8678 90.2023 -37.0426
v  34.7881 90.2449 -38.2625
v  -28.8692 141.3465 -32.3196
v  -28.7895 141.3039 -31.0997
# 8 vertices

vn -0.6252 -0.7804 0.0136
vn 0.6252 0.7804 -0.0136
vn 0.7778 -0.6244 -0.0726
vn -0.0651 0.0348 -0.9973
vn -0.7778 0.6244 0.0726
vn 0.0651 -0.0348 0.9973
# 6 vertex normals

vt 1.0000 0.0000 0.0000
vt 1.0000 1.0000 0.0000
vt 0.0000 1.0000 0.0000
vt 0.0000 0.0000 0.0000
# 4 texture coords

g Box042
usemtl 02___Default
s 2
f 121/61/91 122/62/91 123/63/91 124/64/91 
s 4
f 125/64/92 126/61/92 127/62/92 128/63/92 
s 8
f 121/64/93 124/61/93 126/62/93 125/63/93 
s 16
f 124/64/94 123/61/94 127/62/94 126/63/94 
s 32
f 123/64/95 122/61/95 128/62/95 127/63/95 
s 64
f 122/64/96 121/61/96 125/62/96 128/63/96 
# 6 polygons

#
# object Box043
#

v  27.6279 173.7580 -28.9951
v  -27.3618 139.3004 -30.3025
v  -27.3918 139.3946 -31.5217
v  27.5978 173.8522 -30.2143
v  25.8635 176.5639 -28.7348
v  25.8334 176.6581 -29.9540
v  -29.1562 142.2005 -31.2614
v  -29.1262 142.1063 -30.0422
# 8 vertices

vn 0.5307 -0.8439 -0.0783
vn -0.5307 0.8439 0.0783
vn 0.8472 0.5309 0.0201
vn -0.0246 0.0770 -0.9967
vn -0.8472 -0.5309 -0.0201
vn 0.0246 -0.0770 0.9967
# 6 vertex normals

vt 1.0000 0.0000 0.0000
vt 1.0000 1.0000 0.0000
vt 0.0000 1.0000 0.0000
vt 0.0000 0.0000 0.0000
# 4 texture coords

g Box043
usemtl 02___Default
s 2
f 129/65/97 130/66/97 131/67/97 132/68/97 
s 4
f 133/68/98 134/65/98 135/66/98 136/67/98 
s 8
f 129/68/99 132/65/99 134/66/99 133/67/99 
s 16
f 132/68/100 131/65/100 135/66/100 134/67/100 
s 32
f 131/68/101 130/65/101 136/66/101 135/67/101 
s 64
f 130/68/102 129/65/102 133/66/102 136/67/102 
# 6 polygons

#
# object Box044
#

v  27.2130 174.7499 -28.5853
v  -26.8619 199.0567 -26.0457
v  -26.8748 199.1554 -27.2649
v  27.2001 174.8485 -29.8045
v  28.5818 177.7710 -28.3554
v  28.5689 177.8696 -29.5745
v  -25.5060 202.1765 -27.0350
v  -25.4931 202.0779 -25.8158
# 8 vertices

vn -0.4117 -0.9087 -0.0692
vn 0.4117 0.9087 0.0692
vn 0.9113 -0.4096 -0.0428
vn -0.0106 0.0806 -0.9967
vn -0.9113 0.4096 0.0428
vn 0.0106 -0.0806 0.9967
# 6 vertex normals

vt 1.0000 0.0000 0.0000
vt 1.0000 1.0000 0.0000
vt 0.0000 1.0000 0.0000
vt 0.0000 0.0000 0.0000
# 4 texture coords

g Box044
usemtl 02___Default
s 2
f 137/69/103 138/70/103 139/71/103 140/72/103 
s 4
f 141/72/104 142/69/104 143/70/104 144/71/104 
s 8
f 137/72/105 140/69/105 142/70/105 141/71/105 
s 16
f 140/72/106 139/69/106 143/70/106 142/71/106 
s 32
f 139/72/107 138/69/107 144/70/107 143/71/107 
s 64
f 138/72/108 137/69/108 141/70/108 144/71/108 
# 6 polygons

#
# object Box027
#

v  -41.5082 41.0957 -40.8566
v  -41.5082 41.0957 40.9904
v  -42.7268 41.2023 40.9904
v  -42.7268 41.2023 -40.8566
v  -41.2184 44.4077 -40.8566
v  -42.4370 44.5143 -40.8566
v  -42.4370 44.5143 40.9904
v  -41.2185 44.4077 40.9904
# 8 vertices

vn -0.0872 -0.9962 -0.0000
vn 0.0872 0.9962 0.0000
vn 0.0000 0.0000 -1.0000
vn -0.9962 0.0872 -0.0000
vn -0.0000 0.0000 1.0000
vn 0.9962 -0.0872 0.0000
# 6 vertex normals

vt 1.0000 0.0000 0.0000
vt 1.0000 1.0000 0.0000
vt 0.0000 1.0000 0.0000
vt 0.0000 0.0000 0.0000
# 4 texture coords

g Box027
usemtl 02___Default
s 2
f 145/73/109 146/74/109 147/75/109 148/76/109 
s 4
f 149/76/110 150/73/110 151/74/110 152/75/110 
s 8
f 145/76/111 148/73/111 150/74/111 149/75/111 
s 16
f 148/76/112 147/73/112 151/74/112 150/75/112 
s 32
f 147/76/113 146/73/113 152/74/113 151/75/113 
s 64
f 146/76/114 145/73/114 149/74/114 152/75/114 
# 6 polygons

#
# object Box028
#

v  -37.2184 86.6728 -35.3892
v  -37.2184 86.6728 35.5229
v  -38.4370 86.7794 35.5230
v  -38.4370 86.7794 -35.3892
v  -36.9287 89.9848 -35.3892
v  -38.1472 90.0914 -35.3892
v  -38.1473 90.0914 35.5230
v  -36.9287 89.9848 35.5230
# 8 vertices

vn -0.0872 -0.9962 -0.0000
vn 0.0872 0.9962 0.0000
vn 0.0000 0.0000 -1.0000
vn -0.9962 0.0872 0.0000
vn -0.0000 -0.0000 1.0000
vn 0.9962 -0.0872 -0.0000
# 6 vertex normals

vt 1.0000 0.0000 0.0000
vt 1.0000 1.0000 0.0000
vt 0.0000 1.0000 0.0000
vt 0.0000 0.0000 0.0000
# 4 texture coords

g Box028
usemtl 02___Default
s 2
f 153/77/115 154/78/115 155/79/115 156/80/115 
s 4
f 157/80/116 158/77/116 159/78/116 160/79/116 
s 8
f 153/80/117 156/77/117 158/78/117 157/79/117 
s 16
f 156/80/118 155/77/118 159/78/118 158/79/118 
s 32
f 155/80/119 154/77/119 160/78/119 159/79/119 
s 64
f 154/80/120 153/77/120 157/78/120 160/79/120 
# 6 polygons

#
# object Box029
#

v  -32.7289 137.6086 -32.3866
v  -32.7289 137.6086 32.5203
v  -33.9475 137.7152 32.5203
v  -33.9475 137.7152 -32.3866
v  -32.4392 140.9207 -32.3866
v  -33.6578 141.0273 -32.3866
v  -33.6578 141.0273 32.5203
v  -32.4392 140.9207 32.5203
# 8 vertices

vn -0.0872 -0.9962 -0.0000
vn 0.0872 0.9962 0.0000
vn 0.0000 0.0000 -1.0000
vn -0.9962 0.0872 0.0000
vn -0.0000 -0.0000 1.0000
vn 0.9962 -0.0872 -0.0000
# 6 vertex normals

vt 1.0000 0.0000 0.0000
vt 1.0000 1.0000 0.0000
vt 0.0000 1.0000 0.0000
vt 0.0000 0.0000 0.0000
# 4 texture coords

g Box029
usemtl 02___Default
s 2
f 161/81/121 162/82/121 163/83/121 164/84/121 
s 4
f 165/84/122 166/81/122 167/82/122 168/83/122 
s 8
f 161/84/123 164/81/123 166/82/123 165/83/123 
s 16
f 164/84/124 163/81/124 167/82/124 166/83/124 
s 32
f 163/84/125 162/81/125 168/82/125 167/83/125 
s 64
f 162/84/126 161/81/126 165/82/126 168/83/126 
# 6 polygons

#
# object Box030
#

v  -29.5998 173.7164 -29.6037
v  -29.5998 173.7163 29.7374
v  -30.8184 173.8230 29.7374
v  -30.8184 173.8230 -29.6037
v  -29.3100 177.0284 -29.6037
v  -30.5286 177.1350 -29.6037
v  -30.5286 177.1350 29.7374
v  -29.3100 177.0284 29.7374
# 8 vertices

vn -0.0872 -0.9962 -0.0000
vn 0.0872 0.9962 0.0000
vn 0.0000 0.0000 -1.0000
vn -0.9962 0.0872 0.0000
vn -0.0000 -0.0000 1.0000
vn 0.9962 -0.0872 -0.0000
# 6 vertex normals

vt 1.0000 0.0000 0.0000
vt 1.0000 1.0000 0.0000
vt 0.0000 1.0000 0.0000
vt 0.0000 0.0000 0.0000
# 4 texture coords

g Box030
usemtl 02___Default
s 2
f 169/85/127 170/86/127 171/87/127 172/88/127 
s 4
f 173/88/128 174/85/128 175/86/128 176/87/128 
s 8
f 169/88/129 172/85/129 174/86/129 173/87/129 
s 16
f 172/88/130 171/85/130 175/86/130 174/87/130 
s 32
f 171/88/131 170/85/131 176/86/131 175/87/131 
s 64
f 170/88/132 169/85/132 173/86/132 176/87/132 
# 6 polygons

#
# object Box031
#

v  -27.4773 199.0588 -26.9305
v  -27.4773 199.0588 27.0641
v  -28.6959 199.1654 27.0641
v  -28.6959 199.1654 -26.9304
v  -27.1876 202.3708 -26.9305
v  -28.4061 202.4774 -26.9304
v  -28.4062 202.4774 27.0641
v  -27.1876 202.3708 27.0641
# 8 vertices

vn -0.0872 -0.9962 -0.0000
vn 0.0872 0.9962 0.0000
vn 0.0000 0.0000 -1.0000
vn -0.9962 0.0872 0.0000
vn -0.0000 -0.0000 1.0000
vn 0.9962 -0.0872 -0.0000
# 6 vertex normals

vt 1.0000 0.0000 0.0000
vt 1.0000 1.0000 0.0000
vt 0.0000 1.0000 0.0000
vt 0.0000 0.0000 0.0000
# 4 texture coords

g Box031
usemtl 02___Default
s 2
f 177/89/133 178/90/133 179/91/133 180/92/133 
s 4
f 181/92/134 182/89/134 183/90/134 184/91/134 
s 8
f 177/92/135 180/89/135 182/90/135 181/91/135 
s 16
f 180/92/136 179/89/136 183/90/136 182/91/136 
s 32
f 179/92/137 178/89/137 184/90/137 183/91/137 
s 64
f 178/92/138 177/89/138 181/90/138 184/91/138 
# 6 polygons

#
# object Box032
#

v  -37.6175 84.8743 -34.1082
v  -40.7401 43.9508 36.7045
v  -41.9599 44.0431 36.7040
v  -38.8372 84.9666 -34.1087
v  -37.4010 87.7426 -32.4411
v  -38.6207 87.8349 -32.4415
v  -41.7433 46.9114 38.3712
v  -40.5236 46.8191 38.3717
# 8 vertices

vn -0.0651 -0.8627 -0.5015
vn 0.0651 0.8627 0.5015
vn 0.0382 0.5000 -0.8652
vn -0.9971 0.0755 -0.0004
vn -0.0382 -0.5000 0.8652
vn 0.9971 -0.0755 0.0004
# 6 vertex normals

vt 1.0000 0.0000 0.0000
vt 1.0000 1.0000 0.0000
vt 0.0000 1.0000 0.0000
vt 0.0000 0.0000 0.0000
# 4 texture coords

g Box032
usemtl 02___Default
s 2
f 185/93/139 186/94/139 187/95/139 188/96/139 
s 4
f 189/96/140 190/93/140 191/94/140 192/95/140 
s 8
f 185/96/141 188/93/141 190/94/141 189/95/141 
s 16
f 188/96/142 187/93/142 191/94/142 190/95/142 
s 32
f 187/96/143 186/93/143 192/94/143 191/95/143 
s 64
f 186/96/144 185/93/144 189/94/144 192/95/144 
# 6 polygons

#
# object Box033
#

v  -37.2712 87.6078 -32.7440
v  -32.7222 138.7094 31.0281
v  -33.9435 138.7520 31.0810
v  -38.4926 87.6504 -32.6911
v  -37.2708 90.2023 -34.8230
v  -38.4922 90.2449 -34.7701
v  -33.9432 141.3465 29.0020
v  -32.7218 141.3039 28.9490
# 8 vertices

vn -0.0001 -0.7804 0.6253
vn 0.0001 0.7804 -0.6253
vn -0.0556 -0.6244 -0.7792
vn -0.9985 0.0348 0.0433
vn 0.0556 0.6244 0.7792
vn 0.9985 -0.0348 -0.0433
# 6 vertex normals

vt 1.0000 0.0000 0.0000
vt 1.0000 1.0000 0.0000
vt 0.0000 1.0000 0.0000
vt 0.0000 0.0000 0.0000
# 4 texture coords

g Box033
usemtl 02___Default
s 2
f 193/97/145 194/98/145 195/99/145 196/100/145 
s 4
f 197/100/146 198/97/146 199/98/146 200/99/146 
s 8
f 193/100/147 196/97/147 198/98/147 197/99/147 
s 16
f 196/100/148 195/97/148 199/98/148 198/99/148 
s 32
f 195/100/149 194/97/149 200/98/149 199/99/149 
s 64
f 194/100/150 193/97/150 197/98/150 200/99/150 
# 6 polygons

#
# object Box034
#

v  -29.3836 173.7580 -27.4088
v  -31.8935 139.3004 27.5391
v  -33.1131 139.3946 27.5425
v  -30.6032 173.8522 -27.4054
v  -29.1620 176.5639 -25.6391
v  -30.3816 176.6581 -25.6358
v  -32.8915 142.2005 29.3121
v  -31.6719 142.1063 29.3088
# 8 vertices

vn -0.0667 -0.8439 -0.5323
vn 0.0667 0.8439 0.5323
vn 0.0387 0.5309 -0.8466
vn -0.9970 0.0770 0.0028
vn -0.0387 -0.5309 0.8466
vn 0.9970 -0.0770 -0.0028
# 6 vertex normals

vt 1.0000 0.0000 0.0000
vt 1.0000 1.0000 0.0000
vt 0.0000 1.0000 0.0000
vt 0.0000 0.0000 0.0000
# 4 texture coords

g Box034
usemtl 02___Default
s 2
f 201/101/151 202/102/151 203/103/151 204/104/151 
s 4
f 205/104/152 206/101/152 207/102/152 208/103/152 
s 8
f 201/104/153 204/101/153 206/102/153 205/103/153 
s 16
f 204/104/154 203/101/154 207/102/154 206/103/154 
s 32
f 203/104/155 202/101/155 208/102/155 207/103/155 
s 64
f 202/104/156 201/101/156 205/102/156 208/103/156 
# 6 polygons

#
# object Box035
#

v  -28.9830 174.7499 -26.9850
v  -27.6269 199.0567 27.1324
v  -28.8460 199.1554 27.1187
v  -30.2022 174.8485 -26.9988
v  -28.7231 177.7710 -28.3485
v  -29.9423 177.8696 -28.3622
v  -28.5862 202.1765 25.7552
v  -27.3670 202.0779 25.7690
# 8 vertices

vn -0.0782 -0.9087 0.4101
vn 0.0782 0.9087 -0.4101
vn -0.0229 -0.4096 -0.9120
vn -0.9967 0.0806 -0.0112
vn 0.0229 0.4096 0.9120
vn 0.9967 -0.0806 0.0112
# 6 vertex normals

vt 1.0000 0.0000 0.0000
vt 1.0000 1.0000 0.0000
vt 0.0000 1.0000 0.0000
vt 0.0000 0.0000 0.0000
# 4 texture coords

g Box035
usemtl 02___Default
s 2
f 209/105/157 210/106/157 211/107/157 212/108/157 
s 4
f 213/108/158 214/105/158 215/106/158 216/107/158 
s 8
f 209/108/159 212/105/159 214/106/159 213/107/159 
s 16
f 212/108/160 211/105/160 215/106/160 214/107/160 
s 32
f 211/108/161 210/105/161 216/106/161 215/107/161 
s 64
f 210/108/162 209/105/162 213/106/162 216/107/162 
# 6 polygons

#
# object Box009
#

v  41.1022 41.0957 41.0637
v  41.1022 41.0957 -40.7833
v  42.3208 41.2023 -40.7833
v  42.3208 41.2023 41.0637
v  40.8124 44.4077 41.0637
v  42.0310 44.5143 41.0637
v  42.0310 44.5143 -40.7833
v  40.8124 44.4077 -40.7833
# 8 vertices

vn 0.0872 -0.9962 -0.0000
vn -0.0872 0.9962 0.0000
vn 0.0000 0.0000 1.0000
vn 0.9962 0.0872 -0.0000
vn -0.0000 0.0000 -1.0000
vn -0.9962 -0.0872 0.0000
# 6 vertex normals

vt 1.0000 0.0000 0.0000
vt 1.0000 1.0000 0.0000
vt 0.0000 1.0000 0.0000
vt 0.0000 0.0000 0.0000
# 4 texture coords

g Box009
usemtl 02___Default
s 2
f 217/109/163 218/110/163 219/111/163 220/112/163 
s 4
f 221/112/164 222/109/164 223/110/164 224/111/164 
s 8
f 217/112/165 220/109/165 222/110/165 221/111/165 
s 16
f 220/112/166 219/109/166 223/110/166 222/111/166 
s 32
f 219/112/167 218/109/167 224/110/167 223/111/167 
s 64
f 218/112/168 217/109/168 221/110/168 224/111/168 
# 6 polygons

#
# object Box017
#

v  28.5769 174.7499 27.1922
v  27.2208 199.0567 -26.9253
v  28.4400 199.1554 -26.9116
v  29.7961 174.8485 27.2059
v  28.3171 177.7710 28.5556
v  29.5363 177.8696 28.5694
v  28.1802 202.1765 -25.5481
v  26.9610 202.0779 -25.5619
# 8 vertices

vn 0.0782 -0.9087 -0.4101
vn -0.0782 0.9087 0.4101
vn 0.0229 -0.4096 0.9120
vn 0.9967 0.0806 0.0112
vn -0.0229 0.4096 -0.9120
vn -0.9967 -0.0806 -0.0112
# 6 vertex normals

vt 1.0000 0.0000 0.0000
vt 1.0000 1.0000 0.0000
vt 0.0000 1.0000 0.0000
vt 0.0000 0.0000 0.0000
# 4 texture coords

g Box017
usemtl 02___Default
s 2
f 225/113/169 226/114/169 227/115/169 228/116/169 
s 4
f 229/116/170 230/113/170 231/114/170 232/115/170 
s 8
f 225/116/171 228/113/171 230/114/171 229/115/171 
s 16
f 228/116/172 227/113/172 231/114/172 230/115/172 
s 32
f 227/116/173 226/113/173 232/114/173 231/115/173 
s 64
f 226/116/174 225/113/174 229/114/174 232/115/174 
# 6 polygons

#
# object Box016
#

v  28.9775 173.7580 27.6159
v  31.4875 139.3004 -27.3320
v  32.7071 139.3946 -27.3353
v  30.1971 173.8522 27.6126
v  28.7559 176.5639 25.8463
v  29.9755 176.6581 25.8429
v  32.4854 142.2005 -29.1050
v  31.2658 142.1063 -29.1016
# 8 vertices

vn 0.0667 -0.8439 0.5323
vn -0.0667 0.8439 -0.5323
vn -0.0387 0.5309 0.8466
vn 0.9970 0.0770 -0.0028
vn 0.0387 -0.5309 -0.8466
vn -0.9970 -0.0770 0.0028
# 6 vertex normals

vt 1.0000 0.0000 0.0000
vt 1.0000 1.0000 0.0000
vt 0.0000 1.0000 0.0000
vt 0.0000 0.0000 0.0000
# 4 texture coords

g Box016
usemtl 02___Default
s 2
f 233/117/175 234/118/175 235/119/175 236/120/175 
s 4
f 237/120/176 238/117/176 239/118/176 240/119/176 
s 8
f 233/120/177 236/117/177 238/118/177 237/119/177 
s 16
f 236/120/178 235/117/178 239/118/178 238/119/178 
s 32
f 235/120/179 234/117/179 240/118/179 239/119/179 
s 64
f 234/120/180 233/117/180 237/118/180 240/119/180 
# 6 polygons

#
# object Box015
#

v  36.8652 87.6078 32.9512
v  32.3161 138.7094 -30.8209
v  33.5375 138.7520 -30.8739
v  38.0865 87.6504 32.8982
v  36.8648 90.2023 35.0302
v  38.0861 90.2449 34.9772
v  33.5371 141.3465 -28.7949
v  32.3158 141.3039 -28.7419
# 8 vertices

vn 0.0001 -0.7804 -0.6253
vn -0.0001 0.7804 0.6253
vn 0.0556 -0.6244 0.7792
vn 0.9985 0.0348 -0.0433
vn -0.0556 0.6244 -0.7792
vn -0.9985 -0.0348 0.0433
# 6 vertex normals

vt 1.0000 0.0000 0.0000
vt 1.0000 1.0000 0.0000
vt 0.0000 1.0000 0.0000
vt 0.0000 0.0000 0.0000
# 4 texture coords

g Box015
usemtl 02___Default
s 2
f 241/121/181 242/122/181 243/123/181 244/124/181 
s 4
f 245/124/182 246/121/182 247/122/182 248/123/182 
s 8
f 241/124/183 244/121/183 246/122/183 245/123/183 
s 16
f 244/124/184 243/121/184 247/122/184 246/123/184 
s 32
f 243/124/185 242/121/185 248/122/185 247/123/185 
s 64
f 242/124/186 241/121/186 245/122/186 248/123/186 
# 6 polygons

#
# object Box014
#

v  37.2114 84.8743 34.3154
v  40.3341 43.9508 -36.4973
v  41.5538 44.0431 -36.4969
v  38.4312 84.9666 34.3158
v  36.9949 87.7426 32.6482
v  38.2147 87.8349 32.6486
v  41.3373 46.9114 -38.1641
v  40.1175 46.8191 -38.1645
# 8 vertices

vn 0.0651 -0.8627 0.5015
vn -0.0651 0.8627 -0.5015
vn -0.0382 0.5000 0.8652
vn 0.9971 0.0755 0.0004
vn 0.0382 -0.5000 -0.8652
vn -0.9971 -0.0755 -0.0004
# 6 vertex normals

vt 1.0000 0.0000 0.0000
vt 1.0000 1.0000 0.0000
vt 0.0000 1.0000 0.0000
vt 0.0000 0.0000 0.0000
# 4 texture coords

g Box014
usemtl 02___Default
s 2
f 249/125/187 250/126/187 251/127/187 252/128/187 
s 4
f 253/128/188 254/125/188 255/126/188 256/127/188 
s 8
f 249/128/189 252/125/189 254/126/189 253/127/189 
s 16
f 252/128/190 251/125/190 255/126/190 254/127/190 
s 32
f 251/128/191 250/125/191 256/126/191 255/127/191 
s 64
f 250/128/192 249/125/192 253/126/192 256/127/192 
# 6 polygons

#
# object Box013
#

v  27.0713 199.0588 27.1376
v  27.0713 199.0588 -26.8569
v  28.2899 199.1654 -26.8569
v  28.2899 199.1654 27.1376
v  26.7815 202.3708 27.1376
v  28.0001 202.4774 27.1376
v  28.0001 202.4774 -26.8569
v  26.7815 202.3708 -26.8569
# 8 vertices

vn 0.0872 -0.9962 -0.0000
vn -0.0872 0.9962 0.0000
vn 0.0000 0.0000 1.0000
vn 0.9962 0.0872 -0.0000
vn -0.0000 -0.0000 -1.0000
vn -0.9962 -0.0872 0.0000
# 6 vertex normals

vt 1.0000 0.0000 0.0000
vt 1.0000 1.0000 0.0000
vt 0.0000 1.0000 0.0000
vt 0.0000 0.0000 0.0000
# 4 texture coords

g Box013
usemtl 02___Default
s 2
f 257/129/193 258/130/193 259/131/193 260/132/193 
s 4
f 261/132/194 262/129/194 263/130/194 264/131/194 
s 8
f 257/132/195 260/129/195 262/130/195 261/131/195 
s 16
f 260/132/196 259/129/196 263/130/196 262/131/196 
s 32
f 259/132/197 258/129/197 264/130/197 263/131/197 
s 64
f 258/132/198 257/129/198 261/130/198 264/131/198 
# 6 polygons

#
# object Box012
#

v  29.1938 173.7164 29.8109
v  29.1938 173.7163 -29.5303
v  30.4123 173.8230 -29.5303
v  30.4123 173.8230 29.8109
v  28.9040 177.0284 29.8108
v  30.1226 177.1350 29.8108
v  30.1226 177.1350 -29.5303
v  28.9040 177.0284 -29.5303
# 8 vertices

vn 0.0872 -0.9962 0.0000
vn -0.0872 0.9962 -0.0000
vn 0.0000 0.0000 1.0000
vn 0.9962 0.0872 -0.0000
vn -0.0000 -0.0000 -1.0000
vn -0.9962 -0.0872 0.0000
# 6 vertex normals

vt 1.0000 0.0000 0.0000
vt 1.0000 1.0000 0.0000
vt 0.0000 1.0000 0.0000
vt 0.0000 0.0000 0.0000
# 4 texture coords

g Box012
usemtl 02___Default
s 2
f 265/133/199 266/134/199 267/135/199 268/136/199 
s 4
f 269/136/200 270/133/200 271/134/200 272/135/200 
s 8
f 265/136/201 268/133/201 270/134/201 269/135/201 
s 16
f 268/136/202 267/133/202 271/134/202 270/135/202 
s 32
f 267/136/203 266/133/203 272/134/203 271/135/203 
s 64
f 266/136/204 265/133/204 269/134/204 272/135/204 
# 6 polygons

#
# object Box011
#

v  32.3229 137.6086 32.5937
v  32.3229 137.6086 -32.3131
v  33.5415 137.7152 -32.3132
v  33.5415 137.7152 32.5937
v  32.0331 140.9207 32.5937
v  33.2517 141.0273 32.5937
v  33.2517 141.0273 -32.3132
v  32.0331 140.9207 -32.3132
# 8 vertices

vn 0.0872 -0.9962 0.0000
vn -0.0872 0.9962 -0.0000
vn 0.0000 0.0000 1.0000
vn 0.9962 0.0872 -0.0000
vn -0.0000 -0.0000 -1.0000
vn -0.9962 -0.0872 0.0000
# 6 vertex normals

vt 1.0000 0.0000 0.0000
vt 1.0000 1.0000 0.0000
vt 0.0000 1.0000 0.0000
vt 0.0000 0.0000 0.0000
# 4 texture coords

g Box011
usemtl 02___Default
s 2
f 273/137/205 274/138/205 275/139/205 276/140/205 
s 4
f 277/140/206 278/137/206 279/138/206 280/139/206 
s 8
f 273/140/207 276/137/207 278/138/207 277/139/207 
s 16
f 276/140/208 275/137/208 279/138/208 278/139/208 
s 32
f 275/140/209 274/137/209 280/138/209 279/139/209 
s 64
f 274/140/210 273/137/210 277/138/210 280/139/210 
# 6 polygons

#
# object Box010
#

v  36.8124 86.6728 35.5963
v  36.8124 86.6728 -35.3158
v  38.0310 86.7794 -35.3158
v  38.0310 86.7794 35.5963
v  36.5226 89.9848 35.5963
v  37.7412 90.0914 35.5963
v  37.7412 90.0914 -35.3158
v  36.5226 89.9848 -35.3158
# 8 vertices

vn 0.0872 -0.9962 0.0000
vn -0.0872 0.9962 -0.0000
vn 0.0000 0.0000 1.0000
vn 0.9962 0.0872 -0.0000
vn -0.0000 -0.0000 -1.0000
vn -0.9962 -0.0872 0.0000
# 6 vertex normals

vt 1.0000 0.0000 0.0000
vt 1.0000 1.0000 0.0000
vt 0.0000 1.0000 0.0000
vt 0.0000 0.0000 0.0000
# 4 texture coords

g Box010
usemtl 02___Default
s 2
f 281/141/211 282/142/211 283/143/211 284/144/211 
s 4
f 285/144/212 286/141/212 287/142/212 288/143/212 
s 8
f 281/144/213 284/141/213 286/142/213 285/143/213 
s 16
f 284/144/214 283/141/214 287/142/214 286/143/214 
s 32
f 283/144/215 282/141/215 288/142/215 287/143/215 
s 64
f 282/144/216 281/141/216 285/142/216 288/143/216 
# 6 polygons

#
# object Box008
#

v  46.1323 1.3950 -45.9196
v  46.1323 0.8908 -40.1559
v  44.8398 0.7781 -40.1658
v  44.8398 1.2824 -45.9295
v  28.4508 202.7263 -28.3054
v  27.1583 202.6136 -28.3152
v  27.1583 202.1093 -22.5515
v  28.4508 202.2220 -22.5417
# 8 vertices

vn 0.0872 -0.9924 -0.0868
vn -0.0872 0.9924 0.0868
vn 0.0000 0.0872 -0.9962
vn -0.9962 -0.0868 -0.0076
vn -0.0000 -0.0872 0.9962
vn 0.9962 0.0868 0.0076
# 6 vertex normals

vt 1.0000 0.0000 0.0000
vt 1.0000 1.0000 0.0000
vt 0.0000 1.0000 0.0000
vt 0.0000 0.0000 0.0000
# 4 texture coords

g Box008
usemtl 02___Default
s 2
f 289/145/217 290/146/217 291/147/217 292/148/217 
s 4
f 293/148/218 294/145/218 295/146/218 296/147/218 
s 8
f 289/148/219 292/145/219 294/146/219 293/147/219 
s 16
f 292/148/220 291/145/220 295/146/220 294/147/220 
s 32
f 291/148/221 290/145/221 296/146/221 295/147/221 
s 64
f 290/148/222 289/145/222 293/146/222 296/147/222 
# 6 polygons

#
# object Box007
#

v  40.3747 0.8947 -45.9796
v  46.1384 1.3970 -45.9357
v  46.1384 1.2839 -44.6432
v  40.3747 0.7816 -44.6871
v  22.6932 202.2259 -28.3654
v  22.6932 202.1128 -27.0729
v  28.4569 202.6151 -27.0290
v  28.4569 202.7282 -28.3215
# 8 vertices

vn 0.0872 -0.9924 -0.0868
vn -0.0872 0.9924 0.0868
vn -0.9962 -0.0868 -0.0076
vn 0.0000 -0.0872 0.9962
vn 0.9962 0.0868 0.0076
vn -0.0000 0.0872 -0.9962
# 6 vertex normals

vt 1.0000 0.0000 0.0000
vt 1.0000 1.0000 0.0000
vt 0.0000 1.0000 0.0000
vt 0.0000 0.0000 0.0000
# 4 texture coords

g Box007
usemtl 02___Default
s 2
f 297/149/223 298/150/223 299/151/223 300/152/223 
s 4
f 301/152/224 302/149/224 303/150/224 304/151/224 
s 8
f 297/152/225 300/149/225 302/150/225 301/151/225 
s 16
f 300/152/226 299/149/226 303/150/226 302/151/226 
s 32
f 299/152/227 298/149/227 304/150/227 303/151/227 
s 64
f 298/152/228 297/149/228 301/150/228 304/151/228 
# 6 polygons

#
# object Box006
#

v  45.9153 1.3951 46.0355
v  40.1516 0.8927 46.0794
v  40.1516 0.7796 44.7869
v  45.9153 1.2820 44.7430
v  28.2338 202.7263 28.4213
v  28.2338 202.6132 27.1288
v  22.4702 202.1108 27.1727
v  22.4702 202.2239 28.4653
# 8 vertices

vn 0.0872 -0.9924 0.0868
vn -0.0872 0.9924 -0.0868
vn 0.9962 0.0868 -0.0076
vn 0.0000 -0.0872 -0.9962
vn -0.9962 -0.0868 0.0076
vn -0.0000 0.0872 0.9962
# 6 vertex normals

vt 1.0000 0.0000 0.0000
vt 1.0000 1.0000 0.0000
vt 0.0000 1.0000 0.0000
vt 0.0000 0.0000 0.0000
# 4 texture coords

g Box006
usemtl 02___Default
s 2
f 305/153/229 306/154/229 307/155/229 308/156/229 
s 4
f 309/156/230 310/153/230 311/154/230 312/155/230 
s 8
f 305/156/231 308/153/231 310/154/231 309/155/231 
s 16
f 308/156/232 307/153/232 311/154/232 310/155/232 
s 32
f 307/156/233 306/153/233 312/154/233 311/155/233 
s 64
f 306/156/234 305/153/234 309/154/234 312/155/234 
# 6 polygons

#
# object Box005
#

v  45.9314 0.8928 40.2777
v  45.9314 1.3970 46.0414
v  44.6389 1.2844 46.0513
v  44.6389 0.7801 40.2876
v  28.2499 202.2239 22.6636
v  26.9574 202.1113 22.6734
v  26.9574 202.6155 28.4371
v  28.2499 202.7282 28.4272
# 8 vertices

vn 0.0872 -0.9924 0.0868
vn -0.0872 0.9924 -0.0868
vn -0.0000 -0.0872 -0.9962
vn -0.9962 -0.0868 0.0076
vn 0.0000 0.0872 0.9962
vn 0.9962 0.0868 -0.0076
# 6 vertex normals

vt 1.0000 0.0000 0.0000
vt 1.0000 1.0000 0.0000
vt 0.0000 1.0000 0.0000
vt 0.0000 0.0000 0.0000
# 4 texture coords

g Box005
usemtl 02___Default
s 2
f 313/157/235 314/158/235 315/159/235 316/160/235 
s 4
f 317/160/236 318/157/236 319/158/236 320/159/236 
s 8
f 313/160/237 316/157/237 318/158/237 317/159/237 
s 16
f 316/160/238 315/157/238 319/158/238 318/159/238 
s 32
f 315/160/239 314/157/239 320/158/239 319/159/239 
s 64
f 314/160/240 313/157/240 317/158/240 320/159/240 
# 6 polygons

#
# object Box004
#

v  -46.4088 1.3951 45.2125
v  -46.4527 0.8927 39.4488
v  -45.1602 0.7796 39.4488
v  -45.1163 1.2820 45.2125
v  -28.7946 202.7263 27.5311
v  -27.5021 202.6132 27.5311
v  -27.5460 202.1108 21.7674
v  -28.8385 202.2239 21.7674
# 8 vertices

vn -0.0868 -0.9924 0.0872
vn 0.0868 0.9924 -0.0872
vn 0.0076 0.0868 0.9962
vn 0.9962 -0.0872 -0.0000
vn -0.0076 -0.0868 -0.9962
vn -0.9962 0.0872 -0.0000
# 6 vertex normals

vt 1.0000 0.0000 0.0000
vt 1.0000 1.0000 0.0000
vt 0.0000 1.0000 0.0000
vt 0.0000 0.0000 0.0000
# 4 texture coords

g Box004
usemtl 02___Default
s 2
f 321/161/241 322/162/241 323/163/241 324/164/241 
s 4
f 325/164/242 326/161/242 327/162/242 328/163/242 
s 8
f 321/164/243 324/161/243 326/162/243 325/163/243 
s 16
f 324/164/244 323/161/244 327/162/244 326/163/244 
s 32
f 323/164/245 322/161/245 328/162/245 327/163/245 
s 64
f 322/164/246 321/161/246 325/162/246 328/163/246 
# 6 polygons

#
# object Box003
#

v  -40.6510 0.8928 45.2287
v  -46.4147 1.3970 45.2287
v  -46.4246 1.2844 43.9361
v  -40.6609 0.7801 43.9361
v  -23.0368 202.2239 27.5472
v  -23.0467 202.1113 26.2547
v  -28.8104 202.6155 26.2547
v  -28.8005 202.7282 27.5472
# 8 vertices

vn -0.0868 -0.9924 0.0872
vn 0.0868 0.9924 -0.0872
vn 0.9962 -0.0872 -0.0000
vn -0.0076 -0.0868 -0.9962
vn -0.9962 0.0872 0.0000
vn 0.0076 0.0868 0.9962
# 6 vertex normals

vt 1.0000 0.0000 0.0000
vt 1.0000 1.0000 0.0000
vt 0.0000 1.0000 0.0000
vt 0.0000 0.0000 0.0000
# 4 texture coords

g Box003
usemtl 02___Default
s 2
f 329/165/247 330/166/247 331/167/247 332/168/247 
s 4
f 333/168/248 334/165/248 335/166/248 336/167/248 
s 8
f 329/168/249 332/165/249 334/166/249 333/167/249 
s 16
f 332/168/250 331/165/250 335/166/250 334/167/250 
s 32
f 331/168/251 330/165/251 336/166/251 335/167/251 
s 64
f 330/168/252 329/165/252 333/166/252 336/167/252 
# 6 polygons

#
# object Box002
#

v  -46.1918 1.3950 -45.3230
v  -40.4281 0.8908 -45.3230
v  -40.4379 0.7781 -44.0305
v  -46.2016 1.2824 -44.0305
v  -28.5775 202.7263 -27.6415
v  -28.5874 202.6136 -26.3490
v  -22.8237 202.1093 -26.3490
v  -22.8138 202.2220 -27.6415
# 8 vertices

vn -0.0868 -0.9924 -0.0872
vn 0.0868 0.9924 0.0872
vn -0.9962 0.0872 0.0000
vn -0.0076 -0.0868 0.9962
vn 0.9962 -0.0872 -0.0000
vn 0.0076 0.0868 -0.9962
# 6 vertex normals

vt 1.0000 0.0000 0.0000
vt 1.0000 1.0000 0.0000
vt 0.0000 1.0000 0.0000
vt 0.0000 0.0000 0.0000
# 4 texture coords

g Box002
usemtl 02___Default
s 2
f 337/169/253 338/170/253 339/171/253 340/172/253 
s 4
f 341/172/254 342/169/254 343/170/254 344/171/254 
s 8
f 337/172/255 340/169/255 342/170/255 341/171/255 
s 16
f 340/172/256 339/169/256 343/170/256 342/171/256 
s 32
f 339/172/257 338/169/257 344/170/257 343/171/257 
s 64
f 338/172/258 337/169/258 341/170/258 344/171/258 
# 6 polygons

#
# object Box001
#

v  -46.2518 0.8947 -39.5653
v  -46.2078 1.3970 -45.3290
v  -44.9153 1.2839 -45.3290
v  -44.9593 0.7816 -39.5653
v  -28.6376 202.2259 -21.8839
v  -27.3451 202.1128 -21.8839
v  -27.3011 202.6151 -27.6476
v  -28.5936 202.7282 -27.6476
# 8 vertices

vn -0.0868 -0.9924 -0.0872
vn 0.0868 0.9924 0.0872
vn -0.0076 -0.0868 0.9962
vn 0.9962 -0.0872 -0.0000
vn 0.0076 0.0868 -0.9962
vn -0.9962 0.0872 0.0000
# 6 vertex normals

vt 1.0000 0.0000 0.0000
vt 1.0000 1.0000 0.0000
vt 0.0000 1.0000 0.0000
vt 0.0000 0.0000 0.0000
# 4 texture coords

g Box001
usemtl 02___Default
s 2
f 345/173/259 346/174/259 347/175/259 348/176/259 
s 4
f 349/176/260 350/173/260 351/174/260 352/175/260 
s 8
f 345/176/261 348/173/261 350/174/261 349/175/261 
s 16
f 348/176/262 347/173/262 351/174/262 350/175/262 
s 32
f 347/176/263 346/173/263 352/174/263 351/175/263 
s 64
f 346/176/264 345/173/264 349/174/264 352/175/264 
# 6 polygons

